Problema 0:
--- |--- |--- |--- |--- |--- |
--- |--- |--- |--- |--- |--- |
0.00 |6.85 |5.50 |1.57 |7.44 |1.54 |
6.85 |0.00 |5.65 |7.15 |5.60 |2.82 |
5.50 |5.65 |0.00 |7.82 |6.28 |3.82 |
1.57 |7.15 |7.82 |0.00 |7.45 |1.53 |
7.44 |5.60 |6.28 |7.45 |0.00 |1.24 |
1.54 |2.82 |3.82 |1.53 |1.24 |0.00 |

Problema 1:
--- |--- |--- |--- |--- |--- |
--- |--- |--- |--- |--- |--- |
0.00 |6.84 |8.26 |8.35 |7.49 |8.35 |
6.84 |0.00 |2.74 |6.44 |3.28 |1.63 |
8.26 |2.74 |0.00 |4.99 |1.20 |7.82 |
8.35 |6.44 |4.99 |0.00 |6.59 |7.39 |
7.49 |3.28 |1.20 |6.59 |0.00 |7.44 |
8.35 |1.63 |7.82 |7.39 |7.44 |0.00 |

Problema 2:
--- |--- |--- |--- |--- |--- |
--- |--- |--- |--- |--- |--- |
0.00 |6.84 |2.41 |1.71 |5.89 |4.91 |
6.84 |0.00 |8.56 |4.69 |7.61 |4.59 |
2.41 |8.56 |0.00 |4.42 |6.58 |7.02 |
1.71 |4.69 |4.42 |0.00 |3.22 |3.77 |
5.89 |7.61 |6.58 |3.22 |0.00 |7.08 |
4.91 |4.59 |7.02 |3.77 |7.08 |0.00 |

## Test Results

randomSeed |executionNumber |timeTaken |solutionValue |solution |
---|---|---|---|---|
3 |1 |0.0019 s |3.4242294 |[3, 2] |
3 |2 |0.0000 s |3.4242294 |[3, 2] |
3 |3 |0.0000 s |3.4242294 |[3, 2] |
3 |4 |0.0000 s |3.4242294 |[3, 2] |
3 |5 |0.0000 s |3.4242294 |[3, 2] |
4 |1 |0.0000 s |3.4224377 |[3, 0] |
4 |2 |0.0000 s |3.4224377 |[3, 0] |
4 |3 |0.0000 s |3.4224377 |[3, 0] |
4 |4 |0.0000 s |3.4224377 |[3, 0] |
4 |5 |0.0000 s |3.4224377 |[3, 0] |
5 |1 |0.0000 s |3.4220793 |[2, 1] |
5 |2 |0.0000 s |3.4220793 |[2, 1] |
5 |3 |0.0000 s |3.4220793 |[2, 1] |
5 |4 |0.0001 s |3.4220793 |[2, 1] |
5 |5 |0.0000 s |3.4220793 |[2, 1] |
